5350
5351
5352
5353
5354
5355
5356
5357_full
5358
5359
5360
5373
5374
5377
5382
5383
5384
5388
5389
5390
5392
5394
5395
5396
5398
5399
5400
5402
5403
5404
5405
5406
5407
5408
5409
5410
5411
5412
5413
5414
5415
5416
5417
5418
5419
5420
5421
5422
5424
5426
5427
5428
5429
5431
5432
5433
5434
5435
5438
5439
5440
5447
5448
5449
5456
5459
5464
5468
5470
5472
5475
5476
5477
5478
5480
5481
5482
5483
5484
5486
5488
5490
5492
5493
5494
5496
5497
5499
5500
5503
5504
5505
5506
5507
5508
5509
5511
5512
5513
5515
5516
5517
5518
5519
5520
5521
5523
5525
5526
5527
5528
5529
5530
5531
5532
5533
5534
5535
5536
5540
5541
5542
5543
5544
5545
5546
5550
5551
5552
5554
5555
5558
5559
5560
5561
5562
5563
5564
5568
5570
5571
5572
5573
5574
5575
5576
5577
